Basic repetition loop:

			0	1	2	3	4	5							0	1	2	3	4	5

ip 3		[0	892	3	2	0	1]	mulr		5,3,4		[0	892	3	2	2	1]	// REG4 = REG5 * REG3 
ip 4		[0	892	4	2	2	1]	eqrr		4,1,4		[0	892	4	2	0	1]	// REG4 = REG1==REG4 ? 1:0
ip 5		[0	892	5	2	0	1]	addr		4,2,2		[0	892	5	2	0	1]  // REG2 = REG2 + REG4
ip 6		[0	892	6	2	0	1]	addi		2,1,2		[0	892	7	2	0	1]  // REG2 = REG2 + 1
ip 8		[0	892	8	2	0	1]	addi		3,1,3		[0	892	8	3	0	1]  // REG3 = REG3 + 1
ip 9		[0	892	9	3	0	1]	gtrr		3,1,4		[0	892	9	3	0	1]  // REG4 = REG3>REG1 ? 1:0
ip 10		[0	892	10	3	0	1]	addr		2,4,2		[0	892	10	3	0	1]  // REG2 = REG2 + REG4
ip 11		[0	892	11	3	0	1]	seti		2,1,2		[0	892	2	3	0	1]  // REG2 = 2 -> makes it start over at 3...
																						 
ip 3		[0	892	3	3	0	1]	mulr		5,3,4		[0	892	3	3	3	1]  // 
ip 4		[0	892	4	3	3	1]	eqrr		4,1,4		[0	892	4	3	0	1]  // 
ip 5		[0	892	5	3	0	1]	addr		4,2,2		[0	892	5	3	0	1]  // 
ip 6		[0	892	6	3	0	1]	addi		2,1,2		[0	892	7	3	0	1]  // 
ip 8		[0	892	8	3	0	1]	addi		3,1,3		[0	892	8	4	0	1]  // 
ip 9		[0	892	9	4	0	1]	gtrr		3,1,4		[0	892	9	4	0	1]  // 
ip 10		[0	892	10	4	0	1]	addr		2,4,2		[0	892	10	4	0	1]  // 
ip 11		[0	892	11	4	0	1]	seti		2,1,2		[0	892	2	4	0	1]  // 


How does it end?

ip 3		[1568,892,3,890,0,892]		mulr		5,3,4		[1568	892	3	890	793880	892]
ip 4		[1568,892,4,890,793880,892]		eqrr		4,1,4		[1568	892	4	890	0	892]
ip 5		[1568,892,5,890,0,892]		addr		4,2,2		[1568	892	5	890	0	892]
ip 6		[1568,892,6,890,0,892]		addi		2,1,2		[1568	892	7	890	0	892]
ip 8		[1568,892,8,890,0,892]		addi		3,1,3		[1568	892	8	891	0	892]
ip 9		[1568,892,9,891,0,892]		gtrr		3,1,4		[1568	892	9	891	0	892]
ip 10		[1568,892,10,891,0,892]		addr		2,4,2		[1568	892	10	891	0	892]
ip 11		[1568,892,11,891,0,892]		seti		2,1,2		[1568	892	2	891	0	892]
ip 3		[1568,892,3,891,0,892]		mulr		5,3,4		[1568	892	3	891	794772	892]
ip 4		[1568,892,4,891,794772,892]		eqrr		4,1,4		[1568	892	4	891	0	892]
ip 5		[1568,892,5,891,0,892]		addr		4,2,2		[1568	892	5	891	0	892]
ip 6		[1568,892,6,891,0,892]		addi		2,1,2		[1568	892	7	891	0	892]
ip 8		[1568,892,8,891,0,892]		addi		3,1,3		[1568	892	8	892	0	892]
ip 9		[1568,892,9,892,0,892]		gtrr		3,1,4		[1568	892	9	892	0	892]
ip 10		[1568,892,10,892,0,892]		addr		2,4,2		[1568	892	10	892	0	892]
ip 11		[1568,892,11,892,0,892]		seti		2,1,2		[1568	892	2	892	0	892]
ip 3		[1568,892,3,892,0,892]		mulr		5,3,4		[1568	892	3	892	795664	892]
ip 4		[1568,892,4,892,795664,892]		eqrr		4,1,4		[1568	892	4	892	0	892]
ip 5		[1568,892,5,892,0,892]		addr		4,2,2		[1568	892	5	892	0	892]
ip 6		[1568,892,6,892,0,892]		addi		2,1,2		[1568	892	7	892	0	892]
ip 8		[1568,892,8,892,0,892]		addi		3,1,3		[1568	892	8	893	0	892]
ip 9		[1568,892,9,893,0,892]		gtrr		3,1,4		[1568	892	9	893	1	892]
ip 10		[1568,892,10,893,1,892]		addr		2,4,2		[1568	892	11	893	1	892]
ip 12		[1568,892,12,893,1,892]		addi		5,1,5		[1568	892	12	893	1	893]
ip 13		[1568,892,13,893,1,893]		gtrr		5,1,4		[1568	892	13	893	1	893]
ip 14		[1568,892,14,893,1,893]		addr		4,2,2		[1568	892	15	893	1	893]
ip 16		[1568,892,16,893,1,893]		mulr		2,2,2		[1568	892	256	893	1	893]
Part 2: 1568
